436
446
1013
1290
1314
1411
1552
1649
1661
2142
2376
2457
2620
2756
2777
2924
2995
4653
5205
5309
5705
6022
6219
6293
6664
6945
6999
7322
7777
7827
7938
8058
8064
8439
8668
8791
9454
9473
9511
9652
9763
10175
10235
10799
11086
11102
11652
12004
12069
12516
12576
12586
12801
13182
13413
14380
14423
14979
15594
16162
16177
16207
16344
16712
16713
17100
17198
17473
17477
17619
17722
17838
18493
18552
19261
20072
20677
20704
20737
20995
21175
21366
21656
21670
21745
22053
22357
22713
22857
22997
23253
23647
24192
24500
24922
25002
25066
25066
25097
25259
25539
25603
25604
25847
25875
26246
27381
27878
28078
28612
28725
29066
29195
29612
29628
30364
30482
30485
30792
30938
31428
31646
32127
32233
32406
32675
34730
34941
35071
35101
35133
35348
35658
35774
35827
36038
36197
36256
36322
36334
37063
37657
37846
38354
38367
38490
39185
39477
39581
39675
40015
40053
40214
40576
40751
40762
40981
41370
41633
41796
41937
42059
42063
42459
42774
42988
43090
43357
43741
43868
43965
43988
44093
44471
44646
45065
46137
46331
47709
47819
48058
48345
48406
48554
48781
48864
48924
49231
49498
49771
50248
50926
51048
51062
51402
51570
51607
51711
51712
51743
51883
51947
52016
52228
52413
52502
52551
52807
53446
53744
53812
54256
54411
54449
54726
54803
55476
55775
55862
56194
56374
56628
56660
56988
57071
57472
58538
58761
58905
59129
59404
59638
59697
59887
60004
60284
60501
60688
60717
60762
60899
60926
61444
62539
62582
62604
62629
62796
63630
63708
63948
64206
64229
64391
64564
65216
