19
175
229
240
307
331
396
426
429
436
446
471
520
557
586
628
675
678
759
763
797
818
845
881
1001
1013
1031
1063
1082
1114
1151
1219
1232
1267
1282
1290
1314
1343
1411
1456
1461
1490
1525
1552
1582
1649
1649
1661
1666
1690
1716
1724
1729
1746
1751
1778
1803
1807
1807
1932
1947
1982
2028
2060
2062
2119
2138
2142
2194
2213
2231
2234
2276
2376
2438
2457
2469
2480
2509
2559
2561
2591
2598
2602
2620
2621
2631
2712
2719
2746
2756
2773
2777
2810
2906
2924
2931
2936
2979
2982
2995
3016
3020
3064
3066
3104
3120
3141
3196
3211
3214
3234
3279
3309
3328
3357
3370
3381
3416
3441
3486
3551
3567
3619
3632
3656
3694
3774
3836
3863
3930
3990
4120
4138
4164
4176
4291
4332
4380
4421
4500
4504
4525
4585
4619
4653
4671
4690
4733
4797
4840
4867
4923
4959
5044
5064
5178
5205
5240
5245
5270
5275
5309
5330
5335
5348
5349
5462
5465
5470
5546
5548
5567
5586
5605
5673
5679
5705
5718
5764
5862
5884
5910
5922
5925
5941
5949
5959
5961
5972
6010
6017
6022
6040
6078
6085
6088
6125
6161
6172
6204
6219
6284
6292
6293
6337
6365
6367
6417
6553
6575
6577
6579
6594
6646
6664
6686
6698
6708
6736
6842
6852
6898
6930
6945
6968
6999
7065
7112
7167
7313
7322
7408
7418
7434
7437
7523
7541
7613
7614
7619
7747
7771
7777
7827
7854
7855
7866
7902
7903
7938
8007
8016
8058
8064
8071
8073
8077
8162
8288
8299
8375
8402
8432
8439
8538
8541
8551
8601
8668
8699
8728
8738
8791
8926
8948
9043
9047
9077
9082
9147
9151
9174
9188
9244
9320
9341
9454
9467
9473
9502
9511
9524
9542
9616
9644
9652
9706
9763
9763
9813
9854
9923
9973
10068
10075
10084
10122
10136
10175
10176
10200
10235
10282
10304
10446
10476
10508
10572
10583
10589
10595
10616
10626
10716
10799
10803
10812
10839
10913
10926
10938
10988
11069
11086
11102
11120
11122
11155
11164
11272
11303
11319
11344
11401
11416
11436
11499
11515
11562
11595
11652
11691
11704
11721
11753
11773
11801
11862
11953
11960
11983
12004
12006
12006
12009
12015
12026
12040
12054
12058
12069
12083
12119
12133
12137
12195
12210
12224
12238
12271
12318
12335
12355
12481
12490
12513
12516
12576
12586
12588
12600
12663
12738
12791
12801
12802
12841
12895
12975
13018
13035
13083
13096
13103
13182
13197
13248
13254
13257
13270
13305
13308
13319
13413
13444
13467
13532
13610
13643
13665
13713
13746
13787
13822
13903
13938
13968
13981
13993
14019
14031
14075
14089
14121
14127
14179
14216
14231
14315
14346
14346
14380
14386
14423
14427
14454
14567
14642
14652
14832
14863
14897
14934
14979
14980
14988
15012
15027
15136
15148
15161
15178
15239
15274
15288
15332
15383
15418
15478
15550
15594
15626
15663
15709
15729
15741
15941
15950
16006
16015
16048
16094
16138
16162
16177
16187
16203
16207
16214
16283
16294
16317
16344
16367
16399
16460
16530
16535
16563
16565
16619
16640
16674
16688
16712
16713
16784
16817
16818
16829
16863
16864
16937
16949
16970
17004
17054
17097
17100
17118
17134
17191
17198
17362
17374
17402
17473
17477
17547
17561
17600
17614
17619
17620
17637
17654
17659
17685
17696
17700
17722
17735
17807
17838
17843
17850
17870
18017
18038
18072
18124
18172
18209
18230
18257
18295
18377
18444
18450
18463
18493
18495
18513
18521
18525
18529
18548
18552
18556
18597
18615
18642
18647
18689
18728
18787
18802
18803
18846
18894
18930
18952
19012
19053
19062
19075
19092
19109
19115
19151
19157
19176
19261
19266
19380
19440
19532
19579
19594
19623
19642
19648
19664
19670
19728
19733
19753
19833
19841
19937
19973
20072
20095
20160
20196
20206
20215
20238
20249
20342
20350
20424
20462
20480
20515
20519
20589
20591
20646
20661
20666
20677
20704
20713
20730
20737
20744
20753
20780
20785
20804
20844
20849
20860
20980
20995
21002
21032
21035
21076
21134
21175
21178
21311
21331
21364
21366
21373
21390
21391
21417
21419
21438
21440
21447
21511
21535
21560
21563
21576
21626
21656
21670
21745
21803
21834
21873
21889
21934
21938
22053
22077
22129
22190
22195
22235
22249
22313
22342
22353
22357
22497
22543
22571
22631
22707
22713
22754
22762
22788
22804
22833
22857
22859
22893
22905
22997
23008
23013
23014
23016
23031
23052
23117
23218
23227
23230
23253
23267
23285
23313
23322
23340
23362
23372
23402
23412
23420
23473
23490
23521
23564
23610
23616
23647
23698
23730
23758
23781
23853
23926
24006
24017
24040
24092
24165
24192
24213
24239
24330
24353
24363
24366
24403
24462
24480
24500
24513
24577
24581
24633
24669
24669
24676
24733
24763
24775
24777
24777
24791
24820
24826
24828
24839
24887
24894
24898
24922
25002
25003
25030
25066
25066
25067
25097
25142
25198
25202
25205
25211
25259
25265
25266
25309
25395
25436
25478
25479
25485
25496
25539
25603
25604
25616
25669
25753
25755
25764
25765
25792
25800
25847
25850
25875
25875
25924
25964
26013
26022
26035
26061
26096
26182
26221
26246
26253
26295
26329
26385
26407
26422
26429
26443
26596
26601
26656
26682
26725
26764
26798
26820
26827
26841
26947
27047
27140
27146
27164
27299
27326
27370
27381
27413
27458
27466
27632
27643
27669
27704
27707
27878
27924
27934
27955
27966
28014
28025
28026
28034
28064
28072
28078
28084
28124
28193
28200
28294
28375
28385
28412
28519
28541
28550
28555
28612
28674
28680
28685
28719
28725
28730
28780
28856
28881
28898
28913
28923
28937
28942
28955
28963
29029
29061
29066
29104
29109
29114
29160
29195
29204
29210
29233
29238
29287
29303
29352
29357
29399
29422
29425
29493
29612
29628
29643
29657
29661
29675
29782
29786
29798
29929
29961
30033
30167
30217
30245
30340
30364
30375
30427
30440
30482
30485
30517
30539
30550
30569
30662
30714
30744
30782
30792
30796
30833
30927
30938
30963
31034
31089
31127
31128
31195
31200
31223
31245
31285
31317
31337
31365
31387
31428
31429
31444
31451
31455
31480
31517
31542
31561
31601
31646
31647
31664
31733
31789
31818
31854
31883
31900
31939
31964
31994
32002
32014
32027
32080
32127
32131
32166
32192
32233
32244
32347
32364
32397
32406
32454
32460
32504
32596
32609
32625
32628
32675
32686
32725
32800
32849
32858
32863
32902
32968
32994
33019
33043
33053
33096
33110
33137
33155
33178
33210
33275
33317
33346
33361
33372
33388
33432
33437
33442
33489
33564
33595
33613
33625
33669
33709
33710
33833
33848
33852
33864
33881
33957
33967
33971
34041
34051
34063
34074
34121
34148
34150
34221
34241
34420
34458
34462
34479
34496
34527
34547
34548
34575
34639
34669
34700
34700
34730
34763
34846
34866
34941
34979
35002
35071
35073
35101
35123
35133
35182
35253
35348
35359
35400
35457
35480
35525
35540
35600
35657
35658
35666
35754
35774
35799
35826
35827
35849
35921
36005
36038
36089
36110
36116
36137
36197
36256
36267
36313
36322
36334
36392
36505
36598
36684
36694
36773
36785
36804
36845
36846
36939
36977
36980
37063
37084
37103
37122
37201
37257
37269
37272
37281
37307
37309
37309
37309
37319
37364
37387
37388
37392
37424
37439
37448
37451
37465
37486
37532
37584
37602
37632
37657
37657
37681
37689
37697
37715
37733
37736
37759
37795
37808
37813
37824
37846
37878
37901
37906
37914
37935
38028
38055
38060
38073
38138
38180
38214
38280
38288
38354
38367
38370
38411
38423
38435
38478
38490
38499
38503
38628
38646
38664
38711
38721
38780
38789
38850
38931
38959
38964
38982
38995
38997
39035
39116
39121
39150
39151
39185
39251
39271
39275
39284
39310
39395
39421
39477
39508
39548
39552
39581
39604
39669
39675
39744
39759
39784
39836
39901
39978
39992
40015
40022
40048
40053
40107
40164
40177
40190
40214
40215
40230
40284
40334
40357
40402
40420
40447
40576
40585
40590
40611
40616
40703
40708
40729
40751
40762
40801
40814
40830
40833
40841
40857
40879
40885
40909
40919
40968
40978
40981
40992
41017
41040
41077
41122
41155
41157
41260
41370
41400
41404
41429
41504
41547
41552
41554
41603
41606
41626
41633
41634
41635
41702
41709
41723
41795
41796
41799
41800
41837
41842
41873
41885
41895
41933
41937
41940
41944
41997
42003
42043
42054
42059
42063
42099
42110
42124
42143
42172
42192
42216
42264
42278
42373
42406
42459
42497
42525
42553
42607
42628
42628
42774
42774
42805
42851
42868
42902
42929
42949
42983
42988
42993
43090
43098
43135
43230
43246
43258
43337
43357
43361
43376
43391
43396
43437
43456
43620
43626
43648
43703
43741
43787
43868
43870
43965
43988
44016
44063
44093
44100
44104
44148
44148
44274
44293
44359
44410
44426
44471
44510
44586
44608
44617
44630
44630
44646
44655
44819
44859
44918
44951
44959
44985
44989
45034
45036
45065
45151
45195
45209
45389
45467
45510
45540
45554
45562
45647
45687
45791
45805
45817
45848
45890
45898
45913
45919
45930
45942
45961
45968
46014
46049
46062
46090
46121
46137
46178
46193
46236
46263
46285
46288
46312
46331
46331
46414
46440
46488
46524
46539
46609
46733
46769
46811
46818
46874
46880
46977
46983
46986
46991
47026
47102
47139
47161
47171
47177
47194
47231
47290
47365
47505
47507
47557
47651
47660
47701
47709
47770
47779
47819
47819
47829
47851
47865
47904
47915
48058
48059
48086
48180
48185
48245
48248
48313
48317
48345
48369
48382
48405
48406
48472
48540
48554
48561
48580
48599
48646
48650
48705
48723
48759
48770
48777
48781
48785
48828
48849
48864
48890
48901
48924
48996
49036
49062
49075
49098
49119
49131
49172
49178
49196
49211
49213
49231
49267
49334
49374
49421
49482
49490
49498
49553
49560
49595
49609
49614
49639
49666
49686
49771
49789
49816
49903
49941
49941
49955
49993
50009
50027
50101
50105
50119
50200
50220
50227
50227
50238
50248
50257
50279
50280
50307
50310
50457
50468
50484
50503
50508
50570
50580
50600
50803
50804
50864
50926
50927
50976
51048
51052
51057
51062
51084
51122
51123
51156
51177
51266
51273
51308
51402
51404
51450
51466
51479
51539
51554
51561
51570
51591
51597
51607
51645
51660
51690
51703
51710
51711
51712
51721
51740
51743
51883
51947
51948
51973
52016
52043
52057
52063
52063
52079
52095
52108
52112
52228
52234
52285
52318
52326
52345
52356
52413
52423
52432
52502
52551
52581
52631
52661
52776
52795
52807
52814
52820
52822
52905
52927
53013
53021
53030
53054
53137
53234
53235
53287
53358
53360
53382
53413
53436
53446
53467
53493
53497
53530
53530
53597
53625
53658
53699
53744
53760
53778
53804
53812
53828
53875
53934
54022
54168
54207
54256
54268
54366
54410
54411
54417
54449
54475
54477
54528
54584
54656
54726
54732
54748
54803
54812
54842
54889
54971
55061
55096
55195
55277
55302
55361
55367
55476
55495
55531
55556
55573
55580
55586
55596
55629
55642
55740
55754
55765
55775
55858
55862
55893
55898
55937
55954
55977
56010
56138
56139
56176
56185
56194
56213
56265
56293
56320
56352
56363
56374
56404
56409
56421
56472
56548
56628
56660
56660
56683
56759
56767
56774
56802
56808
56840
56867
56870
56897
56917
56987
56988
57005
57071
57137
57148
57233
57242
57279
57297
57434
57436
57472
57510
57525
57558
57568
57592
57637
57648
57650
57684
57685
57763
57789
57875
57921
57942
57953
57976
57991
58013
58020
58026
58030
58044
58094
58096
58152
58183
58213
58295
58312
58315
58339
58353
58377
58406
58468
58478
58538
58539
58588
58607
58652
58667
58701
58701
58734
58761
58808
58826
58889
58905
58905
58920
58929
58963
58974
58975
59062
59127
59129
59139
59324
59327
59358
59386
59404
59440
59570
59625
59638
59648
59653
59656
59661
59697
59714
59782
59786
59869
59887
59920
59941
59954
59966
60004
60019
60098
60181
60202
60213
60238
60266
60284
60296
60317
60501
60589
60600
60644
60684
60688
60717
60719
60749
60762
60850
60880
60899
60926
60931
60947
60958
60962
60976
61001
61003
61004
61018
61021
61092
61130
61135
61166
61296
61297
61304
61350
61367
61418
61432
61437
61444
61679
61747
61832
61849
61859
61877
61936
61940
61945
61990
61990
62059
62097
62107
62241
62265
62291
62383
62409
62460
62465
62515
62527
62539
62578
62582
62604
62629
62639
62674
62682
62719
62752
62759
62796
62832
62837
62886
62891
62892
62912
62946
62971
63002
63050
63082
63150
63159
63177
63222
63333
63348
63375
63406
63434
63453
63485
63487
63568
63570
63630
63708
63709
63780
63798
63820
63838
63948
64051
64081
64087
64134
64178
64198
64206
64219
64229
64271
64277
64280
64304
64357
64383
64391
64391
64394
64429
64430
64430
64476
64497
64500
64500
64504
64564
64598
64612
64613
64645
64682
64704
64714
64826
64834
64849
64856
64865
64883
64886
64889
64913
64963
65040
65136
65154
65161
65179
65205
65216
65219
65269
65410
65476
65523
65527
